msd_pell

0 0
0 -> 0
1 -> 13
2 -> 16

1 2
0 -> 4
1 -> 8
2 -> 21

2 1
0 -> 6
1 -> 10
2 -> 17

3 0
0 -> 3
1 -> 15
2 -> 20

4 2
0 -> 2
1 -> 14
2 -> 23

5 0
0 -> 7
1 -> 11
2 -> 22

6 1
0 -> 1
1 -> 12
2 -> 18

7 0
0 -> 5
1 -> 9
2 -> 19

8 4
0 -> 7
1 -> 11
2 -> 22

9 4
0 -> 1
1 -> 12
2 -> 18

10 4
0 -> 5
1 -> 9
2 -> 19

11 4
0 -> 2
1 -> 14
2 -> 23

12 3
0 -> 0
1 -> 13
2 -> 16

13 3
0 -> 6
1 -> 10
2 -> 17

14 3
0 -> 3
1 -> 15
2 -> 20

15 3
0 -> 4
1 -> 8
2 -> 21

16 -1
0 -> 3

17 -1
0 -> 2

18 -1
0 -> 6

19 -1
0 -> 5

20 -1
0 -> 0

21 -1
0 -> 1

22 -1
0 -> 7

23 -1
0 -> 4
